2064
2423
3017
3189
3455
3896
3900
4112
4134
4365
4375
4640
4881
4922
5091
5138
5149
5170
5176
5391
5451
5710
5991
6033
6065
6624
6643
6947
7279
7289
7583
7600
7627
7644
7664
7876
7927
8280
8345
8660
8715
9015
9087
9458
9484
9807
9860
10252
10628
10670
10674
11479
11516
11520
11956
12425
12791
12867
13808
14783
14808
15812
16339
16348
16393
16887
18038
18054
18076
19238
20491
20492
20959
21096
21123
21755
21803
22413
22427
22875
22989
24083
24220
24242
24245
24262
24886
25475
25489
25935
26054
26697
26711
27792
29073
29727
29843
31693
32358
32569
33171
33191
33927
35107
35327
35961
36017
36035
36741
36759
37292
37427
38213
39801
40572
42134
42887
42961
43720
43799
60929
60980
61978
62958
64951
65968
67667
67975
68947
68955
70989
74022
74035
74064
75058
75873
77254
78310
78325
80552
82897
84078
86403
86447
87583
88776
89738
92517
93778
97601
97617
101426
